>CNNBRGCGCCCCCTGSTGGC	BORIS(Zf)/K562-CTCFL-ChIP-Seq(GSE32465)/Homer	9.032880	-28414.037074	0	T:12097.0(39.79%),B:538.5(1.81%),P:1e-12339	Tpos:50.2,Tstd:15.4,Bpos:51.2,Bstd:24.7,StrandBias:0.0,Multiplicity:1.02
0.173	0.416	0.246	0.165
0.226	0.275	0.229	0.270
0.288	0.299	0.259	0.154
0.105	0.320	0.268	0.307
0.334	0.114	0.416	0.136
0.060	0.326	0.554	0.060
0.052	0.562	0.052	0.334
0.037	0.005	0.827	0.131
0.023	0.960	0.013	0.004
0.001	0.997	0.001	0.001
0.245	0.670	0.027	0.058
0.001	0.689	0.001	0.309
0.001	0.997	0.001	0.001
0.050	0.043	0.017	0.890
0.253	0.073	0.525	0.149
0.004	0.418	0.546	0.032
0.172	0.150	0.055	0.623
0.001	0.001	0.997	0.001
0.019	0.063	0.865	0.053
0.192	0.432	0.150	0.226
>ATAGTGCCACCTGGTGGCCA	CTCF(Zf)/CD4+-CTCF-ChIP-Seq(Barski_et_al.)/Homer	8.704837	-6.281855e+03	0	15000.0,4645.0,2877.2,2765.0,0.00e+00
0.447	0.221	0.181	0.151
0.037	0.340	0.236	0.386
0.499	0.061	0.330	0.110
0.033	0.377	0.528	0.061
0.023	0.378	0.005	0.593
0.061	0.005	0.887	0.047
0.079	0.905	0.005	0.010
0.002	0.994	0.001	0.003
0.501	0.475	0.007	0.016
0.002	0.527	0.004	0.467
0.003	0.995	0.001	0.001
0.030	0.036	0.004	0.930
0.382	0.042	0.446	0.130
0.020	0.273	0.686	0.021
0.047	0.039	0.014	0.900
0.002	0.001	0.995	0.002
0.040	0.034	0.873	0.053
0.161	0.527	0.061	0.250
0.277	0.428	0.117	0.178
0.541	0.092	0.267	0.100
>TGCAGTTCCAANAGTGGCCA	CTCF-SatelliteElement(Zf?)/CD4+-CTCF-ChIP-Seq(Barski_et_al.)/Homer	11.159698	-1.535293e+03	0	15000.0,4550.0,350.4,347.0,0.00e+00
0.051	0.010	0.033	0.905
0.003	0.005	0.991	0.001
0.015	0.930	0.001	0.054
0.935	0.008	0.001	0.056
0.203	0.064	0.707	0.026
0.023	0.023	0.018	0.936
0.244	0.041	0.165	0.550
0.049	0.905	0.013	0.033
0.090	0.738	0.005	0.167
0.373	0.329	0.136	0.162
0.380	0.254	0.260	0.105
0.303	0.314	0.208	0.175
0.398	0.149	0.152	0.301
0.293	0.157	0.378	0.172
0.051	0.319	0.044	0.586
0.275	0.057	0.517	0.152
0.244	0.041	0.638	0.077
0.041	0.951	0.003	0.005
0.001	0.995	0.001	0.003
0.928	0.003	0.015	0.054
>	HTS0002full;	CTCF	16.042203986460606
0.455	0.046	0.146	0.353
0.174	0.025	0.759	0.042
0.001	0.941	0.001	0.058
0.004	0.001	0.987	0.006
0.062	0.932	0.001	0.004
0.005	0.995	0.001	0.001
0.508	0.453	0.018	0.021
0.007	0.640	0.001	0.350
0.001	1.000	0.001	0.001
0.003	0.003	0.002	0.992
0.764	0.021	0.117	0.098
0.007	0.131	0.799	0.062
0.013	0.387	0.001	0.597
0.001	0.001	0.986	0.014
0.040	0.011	0.731	0.218
0.152	0.282	0.008	0.558
0.364	0.311	0.212	0.113
>	MA0139.1	14.128621242849585
0.095	0.319	0.083	0.503
0.183	0.159	0.453	0.205
0.308	0.054	0.492	0.147
0.061	0.876	0.023	0.039
0.008	0.988	0.001	0.001
0.815	0.014	0.071	0.100
0.044	0.578	0.366	0.012
0.117	0.475	0.053	0.355
0.933	0.012	0.035	0.020
0.004	0.001	0.990	0.002
0.366	0.003	0.621	0.010
0.059	0.013	0.553	0.374
0.012	0.001	0.977	0.008
0.062	0.009	0.852	0.078
0.114	0.806	0.006	0.074
0.409	0.014	0.558	0.019
0.090	0.531	0.338	0.041
0.129	0.355	0.080	0.436
0.443	0.199	0.293	0.065
